---------0---------
0.0 653.8887000000001 805.2223999999999 684.1821000000003 455.5007999999996 227.1875 59.25120000000095 -27.57510000000252 -43.11040000000048 -19.00170000000071 0.0 
36.0 36.0 36.0 36.0 36.0 36.0 36.0 36.0 36.0 36.0 36.0 
36.0 36.0 36.0 36.0 36.0 36.0 36.0 36.0 36.0 36.0 36.0 
36.0 36.0 36.0 36.0 36.0 36.0 36.0 36.0 36.0 36.0 36.0 
36.0 36.0 36.0 36.0 36.0 36.0 36.0 36.0 36.0 36.0 36.0 
36.0 36.0 36.0 36.0 36.0 36.0 36.0 36.0 36.0 36.0 36.0 
36.0 36.0 36.0 36.0 36.0 36.0 36.0 36.0 36.0 36.0 36.0 
36.0 36.0 36.0 36.0 36.0 36.0 36.0 36.0 36.0 36.0 36.0 
36.0 36.0 36.0 36.0 36.0 36.0 36.0 36.0 36.0 36.0 36.0 
36.0 36.0 36.0 36.0 36.0 36.0 36.0 36.0 36.0 36.0 36.0 
55.0 55.0352 55.5632 57.8512 64.0112 77.0 100.61920000000003 139.51520000000005 199.17920000000004 285.9472 407.0 
---------1---------
0.0 653.8887000000001 805.2223999999999 684.1821000000003 455.5007999999996 227.1875 59.25120000000095 -27.57510000000252 -43.11040000000048 -19.00170000000071 0.0 
298.6627705893425 450.212287041396 518.2573409700735 468.05324008379097 348.5533018829452 214.70036303034365 104.9326894691712 36.66065494615237 8.507358402958797 5.7826486270441455 8.675596653490926 
300.2010172131768 335.91048236975087 355.1072230060537 326.3083446465409 260.44090546071624 181.93629688266287 112.25493008143044 63.31272722685818 36.75958306573055 26.712494580722694 24.79755838608498 
241.13840185766455 248.75457996914747 250.0469251112461 230.88105799335668 193.14377400212578 147.33832205924708 104.64398976490432 72.3248149685125 52.42677921532259 42.905873453439725 40.30560209118143 
180.60904698254114 181.46215247910794 178.3262725973976 165.87616192867375 144.46311419683516 118.73598538053173 94.33481593897727 75.32052455987588 63.128543895502396 56.962110329725164 55.18202119362939 
132.98375189797486 132.54419505623298 129.65148777454095 122.54500682437154 111.5220750199531 98.81844271911558 87.2549792271891 78.87772671137928 74.23274624505206 72.4584829234288 72.11988925557174 
99.89156012011881 99.54287187518115 98.1010719693436 95.18157674302786 91.23838696423142 87.56494827168572 85.64979823309346 86.3649043106677 89.36283096048646 92.93845893725675 94.63814713120426 
78.97875134382913 78.9774032695046 78.96839247076886 79.16058370220847 80.23538817711949 83.2779137293008 89.34874702541252 98.82773419761246 110.66638027549116 121.73489183088161 126.89215637961094 
66.767642051561 67.03114029138551 67.99460700016401 70.23370993757453 74.7760154814206 82.98648433825888 96.21215855267872 115.1326778646959 138.6751947479766 162.2205734047298 175.18723579930574 
59.77483980032347 60.08400428406864 61.31255989384034 64.37373655911111 70.78593130037564 82.58380898205144 102.08105986789504 131.361463457033 171.1262422291701 217.67637316794614 253.79062280787585 
55.0 55.0352 55.5632 57.8512 64.0112 77.0 100.61920000000003 139.51520000000005 199.17920000000004 285.9472 407.0 
---------2---------
0.0 653.8887000000001 805.2223999999999 684.1821000000003 455.5007999999996 227.1875 59.25120000000095 -27.57510000000252 -43.11040000000048 -19.00170000000071 0.0 
323.14803800858795 474.37596613915304 541.4872260416826 489.82798719108996 368.4953275746907 232.61534443345195 120.82934278637413 50.747361449834145 21.16698846400029 17.53111454707803 20.111101014807403 
345.6743576241484 380.79924731403275 398.29900392796327 366.8570339931376 297.6630178748064 215.4822611671632 142.14396617377594 89.92542456910331 60.791126091558645 49.09703197631227 46.61657969319361 
301.42117013705064 308.29018033201913 307.4145445156129 284.87499104144655 242.89690654577694 192.4121096937993 145.07061517133846 108.5947947802328 85.42689295462114 73.82183605314194 70.5063785381663 
248.16687965227285 248.2252929529731 242.78513089410993 226.75401983436703 200.84806768033854 170.17482974587077 140.87401273836988 117.48835121751921 101.8653874895986 93.51587058107998 90.98734348427863 
200.30599577043296 199.12647375841567 194.09022686555807 183.65873482089984 168.4750727765102 151.20583338908244 135.13587607354918 122.75256112892015 114.97356403787751 111.21012881998246 110.19049777513727 
160.5301816619258 159.56687027038222 156.34683013495896 150.67561761360471 143.30094297310524 135.87814973374063 130.27983664379593 127.73667617377775 128.19684858427894 130.16721749993243 131.3183274786666 
128.06253575907476 127.60547123071885 126.27990743157058 124.44065480309804 122.99263063678569 123.29283460782803 126.68546633956679 133.80944198403992 143.82397501290328 153.7435847436578 158.50915029996668 
101.03771497635005 101.00820494798388 101.12645457478686 102.0652452777648 104.99963672629556 111.47176424681672 123.01027123202839 140.45682094469245 162.8645279783625 185.69853353521768 198.42329964771204 
77.33396504534535 77.50179752167675 78.32314953777605 80.75933996742164 86.40135087303803 97.37020651097114 116.06690873685766 144.65165849718258 183.8835466264661 230.10095776139067 266.1023202140057 
55.0 55.0352 55.5632 57.8512 64.0112 77.0 100.61920000000003 139.51520000000005 199.17920000000004 285.9472 407.0 
---------3---------
0.0 653.8887000000001 805.2223999999999 684.1821000000003 455.5007999999996 227.1875 59.25120000000095 -27.57510000000252 -43.11040000000048 -19.00170000000071 0.0 
332.24557881428814 483.41842688392865 550.3699062610235 498.46200564750427 376.81636649948666 240.58990529891273 128.45791528776397 58.06423645791586 28.236786394589924 24.442413988817233 26.967810089818492 
362.9370718869303 397.9579652608418 415.1560436251188 383.24458762547346 313.45966234823464 230.6247666935147 156.6332739796296 103.82628737821835 74.22554870579259 62.232240499808 59.64873312528383 
325.09166821239995 331.81919446429634 330.53313930543874 307.3548867735012 264.57294279440333 213.19830429500755 164.96828456873678 127.69205118694798 103.88971040015392 91.87768064455432 88.42205562738542 
275.8607095700941 275.7552482617789 269.83972320571627 253.06886966145558 226.23192515945684 194.5281656506311 164.19840570418336 139.88588475494947 123.52828710891818 114.70754011769182 112.01671704413653 
229.27083913200704 227.92186257255457 222.39407556435438 211.19769353284252 195.05143656437514 176.71675518355738 159.5830519838461 146.24158258508237 137.70318422664394 133.4526493581006 132.26525987178783 
187.9310321186558 186.80927173976713 183.12962425153785 176.74323846193064 168.4685810778811 160.04970643126788 153.45695951804265 150.0181297337926 149.7684605648731 151.28353555215057 152.2778441244866 
151.2589830211647 150.66921339175065 148.95872342335352 146.52052557199426 144.3188165261494 143.78490422180954 146.34484768291148 152.71887701155188 162.13908593387967 171.6775080550071 176.3117965124826 
117.8263783180766 117.7016508179045 117.54371537450939 118.05277385730808 120.44643076314556 126.3201447223141 137.26129093392527 154.16986233711336 176.1512440404196 198.71182075737633 211.3424221840138 
86.13852621553701 86.25670425609752 86.93403140127344 89.14612930004064 94.5061702983909 105.16298806624734 123.54821106593559 151.85245346718625 190.86205687363886 236.9369056843137 272.8891723440977 
55.0 55.0352 55.5632 57.8512 64.0112 77.0 100.61920000000003 139.51520000000005 199.17920000000004 285.9472 407.0 
---------4---------
0.0 653.8887000000001 805.2223999999999 684.1821000000003 455.5007999999996 227.1875 59.25120000000095 -27.57510000000252 -43.11040000000048 -19.00170000000071 0.0 
336.3207082488643 487.4812506709295 554.397019778118 502.43350536791706 380.7177995940853 244.41368307763997 132.2040526189665 61.74034608914046 31.857330344112498 28.027286594269494 30.54039191604242 
370.68645204533766 405.6839608497175 422.81417856886543 390.7970390441367 320.8789654120716 237.89650059199357 163.75746702817108 110.81740620266717 81.11107563578318 69.04998091540354 66.44311728676847 
335.7535376899122 342.44892535482967 341.06960592575405 317.7461073076728 274.7811710663892 223.20372120763724 174.77092916804327 137.31180574791233 113.3643452305934 101.25915342861875 97.77142887050492 
288.3882125788256 288.245040473513 282.2200809523162 265.2787985814333 238.2271347930609 206.28540086899162 175.71771251710064 151.19059273671473 134.6627151549025 125.73265415376353 123.00416629301094 
242.43572053631866 241.04717452566643 235.40455938177163 224.02934873372348 207.65778994563115 189.07340569264048 171.69004812471383 158.1234038913345 149.40633387846339 145.04109785923504 143.81418742567993 
200.44462216835984 199.28530701562022 195.49667789322314 188.94056867895438 180.45208104235067 171.79621771074383 164.9665283627382 161.31398941056423 160.89474648581694 162.30096092355706 163.25776097225514 
161.89834085808445 161.27668509244648 159.47366354972553 156.89136097657104 154.50809815547726 153.77296943682907 156.13173591865268 162.32431471429268 171.6005465292618 181.04654031831413 185.64898207459478 
125.55324683588896 125.40538721693949 125.18032382431018 125.58484014637301 127.84678718432075 133.57452692318023 144.3697276188993 161.14666430333665 183.02359673535096 205.51712065221267 218.12461866448965 
90.19974269108104 90.3057711072136 90.94784081344916 93.10503031749543 98.39589372385066 108.97604190608648 127.28461042891325 155.51971479341435 194.47445869811818 240.51408962509825 276.4542217692131 
55.0 55.0352 55.5632 57.8512 64.0112 77.0 100.61920000000003 139.51520000000005 199.17920000000004 285.9472 407.0 
---------5---------
0.0 653.8887000000001 805.2223999999999 684.1821000000003 455.5007999999996 227.1875 59.25120000000095 -27.57510000000252 -43.11040000000048 -19.00170000000071 0.0 
338.22883570907965 489.3865097106618 556.293954398202 504.3174745806128 382.585431752883 246.263205879926 134.03546649294265 63.555424030265726 33.65944426354003 29.821077215096366 32.33131454458786 
374.3158232559346 409.3078766345021 426.4222622070062 394.3804638785386 324.431318935588 241.4144120767986 167.24093728887254 114.26980728515397 84.53882055065705 72.46189581630283 69.84957757646299 
340.74871801531503 347.4365982902917 346.0354917263158 322.6780593219618 279.6703648339383 228.04551816011997 179.56533042692638 142.0634516960928 118.0820610216425 105.95508502080426 102.45985419421561 
294.26007247192985 294.1080769142916 288.05751092441716 271.076346098449 243.97442844731668 211.97698894143258 181.35359632646788 156.77622613583023 140.20847036646833 131.25280634915947 128.51549635482206 
248.60937854150953 247.21155735130682 241.54202478496822 230.12488985221734 213.7005043958014 195.05756264902195 177.61564897435335 163.99618170398665 155.2371918949916 150.84504208465552 149.60885785859668 
206.31575762689852 205.1476234865793 201.33340085282038 194.7374293653125 186.19871329717003 177.48717257527207 170.60180715655483 166.8990432275455 166.4399422998072 167.82056668088845 168.76854906158613 
166.89234902373684 166.26319309226827 164.43840538002507 161.82220167551054 159.39622175625806 158.61374183738693 160.92515824181058 167.07502287888025 176.31735719602045 185.7415877551385 190.33653046841167 
129.18144588673513 129.02813806608404 128.7872634921885 129.16715366542573 131.39807054106922 137.09141385606043 147.8522189438756 164.5981276022303 186.4504365259345 208.9281513977511 221.53020202429042 
92.10714571673032 92.2103101771253 92.84406842102949 94.98831269953357 100.26286448321224 110.82493150045961 129.11541928733803 157.33421315240477 196.27601321997008 242.3073338078609 278.2446024252789 
55.0 55.0352 55.5632 57.8512 64.0112 77.0 100.61920000000003 139.51520000000005 199.17920000000004 285.9472 407.0 
---------6---------
0.0 653.8887000000001 805.2223999999999 684.1821000000003 455.5007999999996 227.1875 59.25120000000095 -27.57510000000252 -43.11040000000048 -19.00170000000071 0.0 
339.13812610911833 490.2951278876514 557.2006217096607 505.2211033529261 383.48523175145255 247.15876166176145 134.92677807029972 64.4429068659652 34.5438885997541 30.703570717864764 33.21313583656256 
376.0453906947681 411.0361654472492 428.14684030563524 396.0992624142399 326.1428348141543 243.1178550899132 168.93630745984748 115.95789486002556 86.22112863803987 74.1404932505998 71.52689640798575 
343.1292511885808 349.8153716246098 348.40915781364646 325.04377069911646 282.0260527149339 230.39009494054625 181.89879613887035 144.38689399588276 120.39754871509275 108.26546555127237 104.76847491782344 
297.0585390136367 296.9044746988333 290.8479049471851 273.8573890588963 246.7436884093676 214.7331873850186 184.096733289311 159.50758019903455 142.93047348942278 133.96880580909817 131.22942709531725 
251.5518393670059 250.15184302392117 244.47599792369104 233.04903100558738 216.61225655381952 197.95558153762283 180.4999346332022 166.8680784713273 158.09925680533777 153.70079456495355 152.46243522567775 
209.1141841692574 207.94398139945952 204.12375537448975 197.5184334018267 188.96793506256085 180.24333362838945 173.3449075351239 169.63036143375646 169.16191014294384 170.53653123157957 171.4824450205234 
169.27281747669775 168.64190191288338 166.8120075532352 164.18785007241866 161.7518478337596 160.9582581187644 163.25856475915577 169.39840716083646 178.63278780552625 188.0519118012573 192.6450949142766 
130.91094860526346 130.75636236512798 130.51177767669702 130.88588922088036 133.10952461614158 138.79479637012653 149.54752992025217 166.2861571592685 188.13268752937293 210.6066923476988 223.20746457807047 
93.01639611742117 93.11888848245381 93.75069623138906 95.89190254791357 101.16262628512183 111.72044989182677 130.0066942804214 158.22166013111118 197.16042227636638 243.1897924013815 279.12638893569545 
55.0 55.0352 55.5632 57.8512 64.0112 77.0 100.61920000000003 139.51520000000005 199.17920000000004 285.9472 407.0 
---------7---------
0.0 653.8887000000001 805.2223999999999 684.1821000000003 455.5007999999996 227.1875 59.25120000000095 -27.57510000000252 -43.11040000000048 -19.00170000000071 0.0 
339.5750402600914 490.73188439744354 557.6369207269769 505.6566898091537 383.91992032858303 247.59245493257941 135.3594760351551 64.87470695264095 34.974976126475156 31.134200753027873 33.64360823089534 
376.87645047125267 411.8669253729083 428.9767300303997 396.92779676961453 326.9696613049505 243.94278839887505 169.75934758764149 116.77922712498659 87.04110553576902 74.95959994917959 72.34570325640627 
344.2731061447478 350.95881387263313 349.5514023361177 326.18414972069024 283.1640810689125 231.5255175602957 183.03161302530796 145.5173602171278 121.52614943840992 109.39286855143982 105.89546521076468 
298.403220132097 298.2486706514195 292.1906928937198 275.19798398504446 248.0815199694055 216.06795573115278 185.42843842261988 160.83652196905769 144.2572222425504 135.29414655899822 132.55428268042223 
252.96571956673588 251.56521309198232 245.8878875321481 234.4586147446286 218.01893472871828 199.35903887093738 181.90017112606617 168.26540940301848 159.49428187128353 155.0943391742651 153.85546970445432 
210.45886300522548 209.2881750732054 205.4665410527802 198.85902607623592 190.30576439165804 181.57809976663705 174.67661048360029 170.95930103974493 170.4886567485418 171.86186984454642 172.80729847234664 
170.41666873971442 169.78534047366497 167.9542484056108 165.3282254506026 162.88987257799988 162.09367716607798 164.3913781104603 170.5288698805995 179.76138505406718 189.17931134379458 193.77208175549592 
131.7420046885983 131.58711860354518 131.34166373136557 131.71441993286513 133.93634749719956 139.61972610665237 150.37056651291263 167.10748592274751 188.95266095232572 211.42579558864838 224.02626797476915 
93.45330798590196 93.55564271340525 94.18699298046174 96.3274867524024 101.59731263131131 112.15414095475766 130.43939006044386 158.65345805375205 197.59150765555756 243.62042029961177 279.5568591967468 
55.0 55.0352 55.5632 57.8512 64.0112 77.0 100.61920000000003 139.51520000000005 199.17920000000004 285.9472 407.0 
---------8---------
0.0 653.8887000000001 805.2223999999999 684.1821000000003 455.5007999999996 227.1875 59.25120000000095 -27.57510000000252 -43.11040000000048 -19.00170000000071 0.0 
339.7858248521653 490.94263201855 557.8475610541585 505.8671630221333 384.130182965391 247.8024841439126 135.5692718210241 65.08429216236495 35.18439422203012 31.343511554684248 33.85288206159441 
377.27738657208323 412.26779115079506 429.3773917231565 397.32814059233766 327.3696045880784 244.34228768045944 170.15840286770094 117.17788186550081 87.43944240631117 75.3577327346419 72.74376571894382 
344.8249473048467 351.510558241535 350.10286580602934 326.7351756801779 283.71455573312414 232.07538110901027 183.5808654585523 146.06606135516432 122.07441306610771 109.94085128021585 106.44335114837011 
299.0519482633569 298.8972849978502 292.83897702371866 275.84575379090717 248.72864168907026 216.7143590417616 186.0741233242045 161.48155878452508 144.90174473398096 135.93833883407814 133.19836117070412 
253.64783262089247 252.24720650574423 246.5695337359662 235.1397201562941 218.699358702541 200.03870746512297 182.5790843406481 168.94364117984287 160.17197285606008 155.77168294918235 154.53269383900977 
211.1075910039767 209.936789287232 206.11482505067912 199.50679575047 190.95288598028873 182.22450294687107 175.32229525546958 171.60433772609179 171.13317911132356 172.50606199128083 173.45137683438736 
170.96850968541074 170.33708462833306 168.50571166177915 165.87925119711113 163.44034703019398 162.64354050384262 164.94063033382108 171.07757080971473 180.30964847360733 189.72729386490346 194.31996748560294 
132.14294057502636 131.9879841671982 131.74232521037945 132.11476354260904 134.33629056831018 140.01922517728644 150.7696215830884 167.50614045434025 189.3509976147103 211.8239281664432 224.42433022980777 
93.66409244546729 93.76639020210757 94.39763317554251 96.53795983375359 101.8075751370859 112.36417003571712 130.64918571659794 158.8630431343556 197.8009256224641 243.82973097292253 279.7661328992047 
55.0 55.0352 55.5632 57.8512 64.0112 77.0 100.61920000000003 139.51520000000005 199.17920000000004 285.9472 407.0 
---------9---------
0.0 653.8887000000001 805.2223999999999 684.1821000000003 455.5007999999996 227.1875 59.25120000000095 -27.57510000000252 -43.11040000000048 -19.00170000000071 0.0 
339.88771526967054 491.04451376531483 557.9494176374535 505.96898041240615 384.2319509695746 247.90419740319436 135.67093033540453 65.18590129065684 35.28596415730024 31.44505632648559 33.95441816265531 
377.4711936620148 412.4615817479978 429.5711344565966 397.52180877622095 327.56317883404023 244.53575779543303 170.35176885168696 117.37115391156641 87.63263990282135 75.55088236739142 72.9368988589653 
345.09169987712477 351.77728811352074 350.36952979920034 327.0017370646907 283.98098782318476 232.34166987506757 183.8470109006063 146.3320775027681 122.34032660505538 110.20669894035123 106.70917610821382 
299.3655347158491 299.2108447645497 293.1524593452312 276.15911548871316 249.04185139213925 217.0274002573678 186.38699605234905 161.79427951793522 145.21434484368743 136.25086149859985 133.5108571494337 
253.97755692564166 252.576902751392 246.89914855092957 235.46920813999364 219.02868686952553 200.36785847391508 182.90805819124878 169.27245521373078 160.5006600586878 156.1002887211286 154.86127155185522 
211.4211774487098 210.25034904617485 206.4283073644434 199.82015744054118 191.26609567564023 182.53754415477917 175.6351679759343 171.9170584518388 171.44577921338086 172.81858464816236 173.76387280547974 
171.23526224513392 170.60381448776826 168.772375642414 166.1458125691092 163.70677910776763 162.90982925744302 165.20677576344892 171.3435869449203 180.57556200017862 189.99314151267612 194.5857924330889 
132.33674765240252 132.18177475185064 131.93606793128376 132.308431713978 134.529864801785 140.21269527980343 150.96298755464844 167.69941248800754 189.5441950988439 212.01707778682996 224.61746335747156 
93.76598285521335 93.86827194111594 94.49948975108988 96.63977721629188 101.90934313355187 112.46588328730022 130.7508442232988 158.96465225498488 197.9024955500851 243.93127573708335 279.86766899262835 
55.0 55.0352 55.5632 57.8512 64.0112 77.0 100.61920000000003 139.51520000000005 199.17920000000004 285.9472 407.0 
---------10---------
0.0 653.8887000000001 805.2223999999999 684.1821000000003 455.5007999999996 227.1875 59.25120000000095 -27.57510000000252 -43.11040000000048 -19.00170000000071 0.0 
339.93701467882846 491.0938111409353 557.9987091115197 506.01826269458564 384.28122166930126 247.95345526367302 135.72017535663525 65.23513472943435 35.33518840419097 31.49427467182175 34.00363447445434 
377.56496671060864 412.555350928574 429.6648924117491 397.61554924736606 327.6568972740503 244.6294518137423 170.4454384482953 117.46480147703981 87.7262699842874 75.64450122343355 73.03051384699 
345.22076740569725 351.90635031822393 350.4985765534335 327.130759754252 284.1099801894905 232.47062862778589 183.97593603973732 146.4609723186439 122.46919735625958 110.33555424108512 106.83802608507841 
299.51726269533236 299.3625664854494 293.3041629030143 276.31079075677786 249.1934910130795 217.1790003631664 186.5385566430062 161.945804461468 145.36584149750226 136.40233998929773 133.66232938154783 
254.13709316418846 252.73643240927436 247.05865911098104 235.62868895447545 219.18813020240296 200.5272602581137 183.0674184267691 169.43177796764695 160.65995306703402 156.2595626316436 155.02053888170607 
211.57290542773637 210.40207076661832 206.5800109217701 199.9718327081502 191.41773529612544 182.6891442601232 175.78672856613733 172.06858339491816 171.59727586674242 172.9700631384069 173.91534503714087 
171.36432977296744 170.73287669173308 168.90142239590872 166.27483525793278 163.8357714733368 163.03878800942587 165.33570090184534 171.47248176006198 180.70443275064915 190.1219968126768 194.71464240922052 
132.4305207002575 132.27554393168836 132.02982588569793 132.40217218438534 134.62358324105838 140.30638929737682 151.05665715052191 167.79306005274697 189.63782517957648 212.11069664213937 224.71107834476362 
93.81528226391495 93.91756931628038 94.54878122470002 96.68905949801562 101.95861383282316 112.51514114732417 130.8000892440751 159.01388569330857 197.95171979652247 243.98049408196667 279.91688530397437 
55.0 55.0352 55.5632 57.8512 64.0112 77.0 100.61920000000003 139.51520000000005 199.17920000000004 285.9472 407.0 
